27.850682675145357
28.174370652392245
28.242468033166496
30.188642468439273
30.43656954810342
30.65706238233732
31.116366731512645
31.205382587565932
32.81790903672868
33.11570324302763
33.438869527058806
33.73416533895389
34.10444828648865
36.201442627475274
36.50024951153338
36.51655156089038
36.470773611620906
36.46055976848412
36.469691054580224
35.38149898710093
35.644866745059105
35.2416352766078
34.84170513790172
34.83252640626377
34.48340522694309
37.6648877497169
37.99385006370524
38.23936076190598
38.36157773124842
29.11870992664183
29.250195979622248
29.51515927689169
29.695971415284966
29.852027729519413
29.893896452608594
30.004342610296593
30.238594117863826
29.887741417504902
29.73289093496888
30.091245007034697
33.364222621637246
33.5831075318029
33.666410408692194
33.53007487431622
33.573257176706974
33.48381720045687
33.67785837951512S
